FruitID	DAA	Diameter	FW	DW	DMC	FMseed	DWseed	Brix	Osmotic	rou	surfaceperberry	transperberry	transpersurface	SampleID	Replicate	HarvestDate	Hour	AnthesisDate	SFW	SDW	SDMC	Stage	Glucose	Fructose	Sucrose	Citrate	Malate	Total_AA	Proteins	Starch	Proline	Glc	Fru	Suc	Cit	Mal	Sta	Pro	SSMS	Osmotic_SUGAR	Osmotic_other	fuc	rha	ara	gal	glc	xyl	man	gal_a	glc_a	cellulose
9011	4	2.511	0.0114	0.0032	0.280701754	NA	NA	NA	NA	NA	NA	NA	NA	9011	1	09/05/2016	9h30	05/05/2016	0.997	0.1184	11.87562688	S01	3.38944638	5.455525526	5.201166974	1.423469726	9.056460995	12.73442392	6.349926197	1.017191245	0.414537661	0.513741594	0.826899165	1.499170926	0.230260295	1.022658788	0.154176639	0.040187959	2.839811685	15.93899438	NA	1.69	7.01	11.42	38.19	8.72	8.31	4.85	13.33	1.42	49.04168925
9012	4	2.695	0.0123	0.0038	0.308943089	NA	NA	NA	NA	NA	NA	NA	NA	9012	2	09/05/2016	9h30	05/05/2016	1.016	0.1114	10.96456693	S01	2.751008488	2.949897934	1.24504403	0.777801353	8.605914523	19.39511032	6.623456106	0.747672294	0.337421792	0.451619778	0.484270497	0.388687099	0.136271356	1.052529612	0.12274175	0.035429918	1.324577374	7.801332809	NA	2.12	8.82	14.28	45.45	9.75	10.2	6.17	15.63	2.55	49.08877131
9013	4	3.153	0.0219	0.0052	0.237442922	NA	NA	NA	NA	NA	NA	NA	NA	9013	3	09/05/2016	9h30	05/05/2016	1.058	0.1086	10.26465028	S01	3.041676559	0.888108807	5.154730466	1.770652047	7.147613619	15.14238688	9.359926271	0.926029201	0.918919974	0.533385713	0.155737975	1.718971607	0.331372476	0.933782409	0.162387662	0.10306757	2.408095295	10.12367574	NA	1.6	6.67	10.84	34.74	7.86	7.53	5.16	11.58	2.29	33.04045189
9014	4	2.874	0.0182	0.0044	0.241758242	NA	NA	NA	NA	NA	NA	NA	NA	9014	4	09/05/2016	9h30	05/05/2016	1.584	0.1654	10.44191919	S01	2.568478806	4.370448626	1.970103974	1.027918208	8.308455004	18.20407546	9.36648932	0.857220266	0.331261798	0.442759781	0.75338713	0.645826287	0.189106125	1.067010571	0.147769433	0.036524101	1.841973198	9.947769454	NA	1.8	6.99	11.47	40.34	8.6	7.85	5.51	11.16	2.33	NA
9015	4	NA	NA	NA	NA	NA	NA	NA	NA	NA	NA	NA	NA	9015	5	09/05/2016	9h30	05/05/2016	1.053	0.1165	11.06362773	S01	NA	1.597338555	5.685898286	1.639438135	8.532980544	14.99194693	7.028355543	0.983159189	0.50031735	NA	0.259879442	1.759172516	0.28465895	1.034265359	0.159955359	0.052063878	NA	NA	NA	2.18	8.19	13.34	45.3	11.58	9.77	6.31	14.92	2.22	NA
9021	8	4.4162	0.0552	0.0054	0.097826087	NA	NA	NA	NA	228.911053	0.615926462	1.451262304	2.356226584	9021	1	13/05/2016	9h30	05/05/2016	2.501	0.2136	8.540583766	S02	5.208661972	5.902176739	3.24403139	0.334384774	16.61781903	9.490811939	5.50433301	0.988859317	0.180202798	1.097769404	1.243933485	1.300182722	0.075211855	2.609247322	0.208410434	0.024291956	3.641885611	15.69534411	NA	1.71	6.7	11.89	45.88	9.64	8.72	5.69	15.68	1.01	51.2381261
9022	8	4.448	0.0606	0.0068	0.112211221	NA	NA	NA	NA	258.7635425	0.630128088	1.678348773	2.663504142	9022	2	13/05/2016	9h30	05/05/2016	2.365	0.2098	8.871035941	S02	2.596652112	2.982909375	1.486637725	0.743622839	11.02000756	14.25492799	5.620313774	0.83609922	0.229179253	0.526880269	0.605254776	0.573637731	0.161029612	1.665851681	0.169650828	0.029743321	1.705772777	7.754065115	NA	2.21	7.84	13.4	51.93	11.03	10.12	7.09	17.8	1.64	55.25274955
9023	8	4.082	0.0472	0.0058	0.122881356	NA	NA	NA	NA	310.4841223	0.530634477	1.695841069	3.195874264	9023	3	13/05/2016	9h30	05/05/2016	2.44	0.2348	9.62295082	S02	2.027652287	3.828438966	8.366722286	0.559898965	15.43818576	7.927252581	5.478581744	2.051202862	0.400929669	0.37927806	0.71612027	2.976144316	0.111770904	2.151378251	0.383683261	0.047967649	4.071542646	15.73719619	NA	1.48	6.4	11.16	44.54	14.18	8.43	5.81	14.6	0.91	29.82097362
9024	8	3.984	0.0406	0.005	0.123152709	NA	NA	NA	NA	328.4947593	0.498903763	1.686923986	3.381261301	9024	4	13/05/2016	9h30	05/05/2016	2.344	0.212	9.044368601	S02	6.731004193	4.125563693	4.63880763	0.633355898	12.08382372	10.41284301	7.089097019	0.891035583	0.221428013	1.339596834	0.821065016	1.755638145	0.13452312	1.791657143	0.177332893	0.028186608	3.916299996	17.03619147	NA	1.77	6.5	11.24	43.51	9.5	8.49	6.22	14.1	1.41	NA
9025	8	NA	NA	NA	NA	NA	NA	NA	NA	NA	NA	NA	NA	9025	5	13/05/2016	9h30	05/05/2016	2.364	0.2064	8.730964467	S02	3.400129532	NA	6.228728305	0.262969858	15.12577316	12.85607992	4.840049402	0.710749322	0.226828696	0.700980193	NA	2.441991039	0.057859026	2.323186847	0.146530064	0.029910542	NA	NA	NA	1.82	6.44	11.2	44.87	8.77	8.54	6.28	13.98	2.04	NA
9031	14	4.668	0.0716	0.0082	0.11452514	NA	NA	NA	NA	255.9270869	0.685929057	1.806948365	2.634307946	9031	1	19/05/2016	9h30	05/05/2016	2.532	0.2171	8.574249605	S03	12.62757994	1.292812412	NA	0.470234432	26.11242929	4.082191019	3.73162742	0.913452554	0.16137564	2.650919315	0.271401283	NA	0.1053527	4.083945452	0.191761924	0.021668575	NA	NA	NA	1.45	6.23	11.05	43.5	11.67	10.05	6.98	12.57	1.29	49.4489253
9032	14	5.716	0.1228	0.012	0.09771987	NA	NA	NA	NA	199.3415392	1.031932762	2.117383364	2.051861751	9032	2	19/05/2016	9h30	05/05/2016	2.589	0.2126	8.211664735	S03	10.95273017	1.224092985	5.659297592	1.079579767	13.24922518	6.583268168	5.121926716	0.581137534	0.129332151	2.400842575	0.268321643	2.359055841	0.252552046	2.163655183	0.127385566	0.018132755	5.028220059	19.43179457	NA	1.96	6.98	11.67	46.26	10.86	10.03	7.38	13.17	1.39	57.76431175
9033	14	4.7462	0.0692	0.0078	0.112716763	NA	NA	NA	NA	266.4152697	0.71032818	1.947908019	2.742264879	9033	3	19/05/2016	9h30	05/05/2016	2.668	0.2361	8.849325337	S03	6.964845148	7.262393511	4.166355389	0.813104101	23.2865879	8.669508053	5.494415292	1.259592812	0.340924212	1.416686673	1.477209598	1.611584381	0.176507578	3.528779109	0.2562079	0.044354347	4.505480651	20.17932848	NA	1.53	6.55	11.13	47.93	12.53	9.3	7.11	11.65	1.35	51.08877722
9034	14	5.264	0.098	0.0084	0.085714286	NA	NA	NA	NA	208.9100851	0.882749837	1.898223477	2.15035268	9034	4	19/05/2016	9h30	05/05/2016	2.509	0.2116	8.4336389	S03	10.70816294	4.591211704	NA	0.452198158	27.4444154	6.468347167	4.314055922	0.453712221	0.244483722	2.285453945	0.979906914	NA	0.103000931	4.363829361	0.096836254	0.033375167	NA	NA	NA	2.22	7.47	12.81	49	11.34	11.84	8.7	15.4	2.73	NA
9035	14	NA	NA	NA	NA	NA	NA	NA	NA	NA	NA	NA	NA	9035	5	19/05/2016	9h30	05/05/2016	2.621	0.1913	7.298740939	S03	6.246694448	1.661269051	1.59327848	1.080757897	25.10823702	11.97379992	5.081460442	0.313057962	0.43529507	1.540546527	0.409698648	0.747223704	0.284451241	4.613144394	0.07720569	0.068663242	2.697468879	10.24931277	NA	2.46	7.17	12.46	43.69	8.93	10.99	8.01	15.19	1.8	NA
9041	21	8.634	0.4188	0.0306	0.073065903	0.022993708	0.008296653	NA	NA	192.3062144	2.34748788	4.646724947	1.979445767	9041	1	26/05/2016	9h30	05/05/2016	2.537	0.1756	6.921560899	S04	15.20936649	NA	11.75895284	1.539725442	40.80519935	5.380520922	1.931344916	0.647802925	0.155198582	3.955301424	NA	5.815291689	0.427333172	7.905698314	0.168465651	0.025815005	NA	NA	NA	2.82	8.46	16.11	56.78	14.63	19.32	12.63	23.83	2.1	94.3208104
9042	21	8.032	0.3512	0.0264	0.075170843	0.021782992	0.006391077	NA	NA	238.4865017	2.036937048	5.000249774	2.454788565	9042	2	26/05/2016	9h30	05/05/2016	2.531	0.1777	7.02094034	S04	15.34457629	NA	NA	0.934704521	46.21854252	4.98834363	2.694452841	0.53845011	0.096908035	3.933979778	NA	NA	0.255744572	8.827744222	0.138045639	0.015891065	NA	NA	NA	2.61	7.67	14.25	52.21	12.77	16.27	11.83	18.42	2.18	92.35855146
9043	21	8.306	0.37	0.0268	0.072432432	0.0221197	0.00692103	NA	NA	225.7791866	2.177663435	5.060867318	2.323989666	9043	3	26/05/2016	9h30	05/05/2016	2.534	0.1733	6.83898974	S04	13.88446479	2.029608522	NA	2.245234235	52.34217458	4.307431493	2.644785508	0.533448428	0.22195066	3.654346266	0.534186404	NA	0.630662588	10.26333695	0.140401902	0.037363968	NA	NA	NA	2.94	8.44	15.04	58.49	14.97	17.99	13.02	21.57	2.79	90.36373721
9044	21	8.684	0.432	0.0342	0.079166667	0.02323012	0.008668748	NA	NA	237.30373	2.375291604	5.801920675	2.442614063	9044	4	26/05/2016	9h30	05/05/2016	2.502	0.1679	6.710631495	S04	7.941215133	4.028885969	14.75204845	1.567333767	55.04208629	5.801972422	1.949075295	0.427118769	0.134279283	2.13008079	1.080672475	7.524815195	0.448668381	10.9991791	0.114566533	0.023037435	10.73556846	28.6443675	NA	2.81	7.75	15.09	46.59	13.9	17.83	12.28	23.72	0.71	NA
9045	21	NA	NA	NA	NA	NA	NA	NA	NA	NA	NA	NA	NA	9045	5	26/05/2016	9h30	05/05/2016	2.518	0.1696	6.735504369	S04	5.778917102	0.780238948	1.997766242	1.167632094	50.58193229	3.777089976	1.68320908	0.82001699	0.133549504	1.544361077	0.208511498	1.015269751	0.333014594	10.07057044	0.219141805	0.022827621	2.768142327	9.174897944	NA	2.83	8.16	15.57	51.09	17.22	18.63	12.02	25.12	1.26	NA
9051	28	9.588	0.5574	0.0426	0.076426265	0.025476034	0.012203649	3.4	227	198.4104261	2.901008232	5.92466419	2.042277621	9051	1	02/06/2016	9h30	05/05/2016	2.525	0.1739	6.887128713	S05	13.89965615	0.861398767	4.018921479	2.363010038	55.84303056	3.383178926	1.722759665	0.57516273	0.232797873	3.632773847	0.225132685	1.997460596	0.659105191	10.8732546	0.150322864	0.0389161	5.855367128	20.16904445	206.8309556	3.12	8.89	17.54	61.39	16.15	20.37	13.11	30.55	3.1	109.9032578
9052	28	9.744	0.6052	0.0428	0.070720423	0.026332132	0.013551083	3.2	219	185.3105678	2.988752914	5.700861471	1.907438197	9052	2	02/06/2016	9h30	05/05/2016	2.595	0.1648	6.350674374	S05	23.42376321	NA	6.230951717	1.595404425	59.63204527	3.914052948	1.474433947	0.230261086	0.057558633	6.639101817	NA	3.358469742	0.482589993	12.5918238	0.065263928	0.01043468	NA	NA	NA	3.19	8.9	17.69	55.12	13.58	20.12	14.09	26.61	1.22	93.79007369
9053	28	9.232	0.516	0.0378	0.073255814	0.02473456	0.011036624	3.1	273	198.0675957	2.68189848	5.467717307	2.0387488	9053	3	02/06/2016	9h30	05/05/2016	2.501	0.1422	5.68572571	S05	7.530563281	1.402277063	4.796585422	1.803703718	55.51262226	3.542017094	1.467822136	-0.000155296	0.205728352	2.384042882	0.443936068	2.887707346	0.609405909	13.09286277	-4.9164E-05	0.04165784	5.715686295	14.5571027	258.4428973	2.98	8.05	16.08	42.51	11.42	18.53	14.01	25.49	1.81	106.5446279
9054	28	9.718	0.6038	0.042	0.069559457	0.026307058	0.013511618	3.2	251	163.7371457	2.979071154	5.020863104	1.685378712	9054	4	02/06/2016	9h30	05/05/2016	2.555	0.1554	6.082191781	S05	7.942458818	NA	NA	1.884561979	72.24020958	2.993449981	1.368438345	0.26102241	0.06655217	2.350538488	NA	NA	0.595220225	15.92750188	0.077248524	0.012597681	NA	NA	NA	2.88	7.86	15.63	51.71	11.94	18.55	12.55	25.55	1.54	NA
9055	28	NA	NA	NA	NA	NA	NA	3.3	246	NA	NA	NA	NA	9055	5	02/06/2016	9h30	05/05/2016	2.624	0.1643	6.261432927	S05	8.551523884	NA	6.749240277	1.551099856	58.64644558	3.373692414	1.026714966	0.333367101	0.086578829	2.458341912	NA	3.68967451	0.475875548	12.56020538	0.095834418	0.015919392	NA	NA	NA	3.09	8.74	16.69	55.06	13.6	20.19	12.93	30.63	2.98	NA
9061	35	11.068	0.8332	0.0692	0.083053289	0.030415612	0.019978175	3.7	315	193.5005799	3.878302414	7.724568522	1.991739606	9061	1	09/06/2016	9h30	05/05/2016	2.509	0.1738	6.927062575	S06	9.955326486	0.294311245	NA	1.996329046	74.13302304	2.688433183	1.40177014	0.977785428	0.103207057	2.586895597	0.076476896	NA	0.553618226	14.35130444	0.254077937	0.017153344	NA	NA	NA	3.44	8.76	18.63	51.58	17.15	21.69	12.47	39.32	2.16	126.437014
9062	35	10.66	0.7988	0.077	0.096394592	0.029799508	0.019008473	3.8	318	161.369181	3.577468528	5.94219234	1.661004784	9062	2	09/06/2016	9h30	05/05/2016	2.512	0.1755	6.986464968	S06	5.839457494	2.430754899	5.534035756	2.736791664	80.00301581	3.108986647	1.545484683	0.823762359	0.130016448	1.504483818	0.626262185	2.711386156	0.75250886	15.35598399	0.212234979	0.021425419	4.842132159	14.84111763	303.1588824	2.85	8.1	17.6	44.42	17.67	20.04	11.18	37.08	1.01	114.2929069
9063	35	9.766	0.5842	0.0514	0.087983567	0.025956022	0.012959114	3.7	316	222.0197355	3.005490692	6.868426525	2.285292895	9063	3	09/06/2016	9h30	05/05/2016	2.516	0.1706	6.780604134	S06	6.740761962	1.358891103	12.90706132	2.278015439	71.20372221	2.705478913	1.907383845	0.380130211	0.215507478	1.789423375	0.360735406	6.51577205	0.645380201	14.08195931	0.100910533	0.036591689	8.665930831	22.53470342	293.4652966	2.91	8.09	17.16	38.01	12.63	18.49	10.34	33.76	1.19	78.71916518
9064	35	10.868	0.763	0.0716	0.093840105	0.02915833	0.017999307	3.7	312	155.1901083	3.714822729	5.934066637	1.597402372	9064	4	09/06/2016	9h30	05/05/2016	2.557	0.1735	6.785295268	S06	5.185667048	0.692581923	3.689755258	3.479314834	82.27745482	3.705195956	1.438318173	0.791763055	0.143240232	1.375651363	0.183727813	1.861382851	0.985036543	16.26076133	0.210038538	0.024304392	3.420762027	10.26447947	301.7355205	1.95	5.04	10.53	24.02	9.42	12.38	6.64	24.56	1.06	NA
9065	35	NA	NA	NA	NA	NA	NA	3.6	311	NA	NA	NA	NA	9065	5	09/06/2016	9h30	05/05/2016	2.495	0.1595	6.392785571	S06	7.529726578	1.053698798	NA	3.195986478	76.60589661	4.259920707	1.58228533	0.936259494	0.094685373	2.120125521	0.296687229	NA	0.960377907	16.06944363	0.26362015	0.017052233	NA	NA	NA	2.87	7.85	17.1	41.07	16.32	19.64	11.25	36.67	2.79	NA
9071	42	10.352	0.713	0.0672	0.094249649	0.02826283	0.016589857	4.3	368	139.7043763	3.382476155	4.864016541	1.43800468	9071	1	16/06/2016	9h30	05/05/2016	2.528	0.1756	6.946202532	S07	7.151793249	2.82606052	5.766417543	2.319433581	97.33131658	2.714969712	1.157066999	0.138818408	0.305503514	1.853275626	0.732329487	2.841617007	0.641448603	18.79030952	0.035972624	0.050635753	5.42722212	16.91953659	351.0804634	2.48	6.2	13.84	24.11	8.98	16.54	9.28	31.65	0.86	92.85685104
9072	42	9.972	0.6266	0.0598	0.095435685	0.026715406	0.014154327	4.1	366	120.7900822	3.126639929	3.887401835	1.243316123	9072	2	16/06/2016	9h30	05/05/2016	2.52	0.1694	6.722222222	S07	4.53521318	1.655951775	NA	NA	83.47358552	3.205017122	0.955249327	0.115358529	0.130016448	1.214387661	0.44341188	NA	NA	16.65194552	0.030889391	0.022267627	NA	NA	NA	2.33	5.87	12.99	20.12	8.03	14.49	7.89	30.34	2.01	85.76638467
9073	42	10.202	0.666	0.0678	0.101801802	0.02742106	0.015264974	4.1	354	128.5331338	3.287375747	4.349253601	1.323016879	9073	3	16/06/2016	9h30	05/05/2016	2.496	0.1971	7.896634615	S07	13.84017154	NA	NA	2.568922131	103.1692579	3.06441598	1.857114094	0.163313851	0.260688632	3.154800746	NA	NA	0.624937034	17.52011858	0.037226609	0.038007434	NA	NA	NA	2.56	6.91	16.44	29.42	8.92	18.27	10.33	38.54	1.8	103.4045608
9074	42	11.158	0.8952	0.0872	0.0974084	0.031526032	0.021725893	4.3	388	154.1424611	3.923192631	6.22461092	1.586618732	9074	4	16/06/2016	9h30	05/05/2016	2.524	0.1899	7.523771791	S07	14.76287597	1.532668978	5.531053562	2.787783129	110.4741818	2.738815118	1.659564667	0.28560797	0.075268982	3.531895635	0.366678341	2.516396944	0.711788122	19.69037365	0.068329338	0.011517784	6.41497092	23.60238835	364.3976117	2.19	6.19	14.08	30.38	8.75	16.68	8.35	33.13	1.39	NA
9075	42	NA	NA	NA	NA	NA	NA	4.2	369	NA	NA	NA	NA	9075	5	16/06/2016	9h30	05/05/2016	2.542	0.1705	6.707317073	S07	21.75692936	2.648003618	2.882451753	2.891610412	102.7123811	2.530883184	0.932882513	0.128657442	0.091739606	5.838768679	0.71062788	1.471025187	0.828167737	20.53537973	0.034526979	0.015746953	8.020421746	29.24922285	339.7507772	2.2	6.56	15.23	22.42	7.99	16.69	8.88	36.88	0.79	NA
9081	49	10.452	0.73	0.0804	0.110136986	0.0285673	0.01706907	4.3	400	144.3213837	3.439240965	5.109090287	1.485528446	9081	1	23/06/2016	9h30	05/05/2016	2.652	0.1961	7.394419306	S08	6.147733422	5.127373615	1.130087933	2.921330658	119.6766187	3.229024741	1.576549702	0.215701017	0.130016448	1.496523216	1.24814027	0.523136549	0.758933996	21.70371182	0.052507413	0.020243366	3.267800034	13.39573153	386.6042685	3.21	7.93	17.96	28.43	10.11	21.24	10.38	46.54	1.21	107.0783238
9082	49	10.032	0.6396	0.0646	0.101000625	0.026948236	0.014520784	4.9	425	120.7018263	3.171245518	3.939979811	1.242407687	9082	2	23/06/2016	9h30	05/05/2016	2.702	0.2123	7.857142857	S08	37.53843148	9.136716839	11.68180365	3.515597676	114.8242498	2.815539674	1.347385448	0.074139835	0.085690841	8.599713394	2.093138767	5.089230859	0.859531672	19.59736787	0.016984762	0.012556201	15.78208302	63.33312617	361.6668738	3.18	7.95	18.44	28.04	10.33	20.35	10.48	45.39	1.38	94.81339209
9083	49	10.0125	0.67	0.0558	0.083283582	0.0274927	0.01537773	4.7	413	144.7265396	2.537280289	3.779783394	1.489698797	9083	3	23/06/2016	9h30	05/05/2016	2.507	0.1889	7.534902274	S08	18.88040325	NA	6.525444034	3.252024258	127.6401839	2.058220193	0.991158246	0.391197471	0.349596805	4.510307448	NA	2.964417336	0.829093513	22.71635124	0.093452499	0.053416858	NA	NA	NA	3.07	8.5	21.17	34.39	14.22	23.64	13.05	54.07	2.25	100.0103523
9084	49	10.084	0.6464	0.0666	0.103032178	0.027070024	0.01471247	4.9	439	135.0822504	3.210516683	4.463993019	1.390428227	9084	4	23/06/2016	9h30	05/05/2016	2.482	0.1942	7.824335214	S08	14.99463058	0.51778068	3.2709975	4.111839215	134.0058721	2.285249821	1.275320872	0.446093716	0.370610821	3.449537156	0.119116219	1.431000096	1.009522588	22.96704698	0.102624526	0.05453297	4.999653471	20.37783921	418.6221608	3.24	9.07	21.29	34.03	17.22	25.75	13.28	55.53	2.71	NA
9085	49	NA	NA	NA	NA	NA	NA	4.3	394	NA	NA	NA	NA	9085	5	23/06/2016	9h30	05/05/2016	2.535	0.1821	7.183431953	S08	5.030772125	3.857442291	NA	NA	94.17151905	1.138179387	1.415929434	0.29931708	0.104249552	1.260593806	0.966584798	NA	NA	17.57989884	0.075001858	0.016708241	NA	NA	NA	2.89	7.91	17.68	29.04	13.42	21.19	11.3	42.02	3.16	NA
9091	56	11.248	0.9428	0.1384	0.146796776	0.028647144	0.01697858	6.8	553	73.7953244	3.975830016	3.02	0.759589818	9091	1	30/06/2016	9h30	05/05/2016	2.474	0.2229	9.009700889	S09	59.89559597	47.90367773	6.021383845	2.790396409	90.13146324	2.688391631	1.05650934	-0.002751808	0.091811615	11.96622108	9.570419815	2.287667166	0.594953325	13.41512817	-0.000549769	0.0117321	23.82430807	125.0909807	427.9090193	NA	NA	NA	NA	NA	NA	NA	NA	NA	NA
9092	56	11.002	0.8832	0.131	0.148324275	0.028925601	0.016974111	9.4	746	76.465254	3.811595721	3	0.78707193	9092	2	30/06/2016	9h30	05/05/2016	2.585	0.2266	8.765957447	S09	121.0740449	91.87795022	NA	3.211422214	112.8108501	5.290363124	2.002160896	0.030606225	0.400929669	24.86132087	18.86620046	NA	0.703761353	17.25759575	0.006284676	0.052657149	NA	NA	NA	NA	NA	NA	NA	NA	NA	NA	NA	NA	NA
9093	56	11.306	0.9682	0.1444	0.149142739	0.028528473	0.016982203	7.3	603	83.62523369	4.019652092	3.46	0.860771012	9093	3	30/06/2016	9h30	05/05/2016	2.521	0.3512	13.93097977	S09	67.07810092	46.60588906	6.137676934	2.827678816	111.0298159	3.710068491	1.852943785	0.04512421	0.744492206	8.66705599	6.021873672	1.508096953	0.389920242	10.68776106	0.005830428	0.061527178	16.19702662	139.2157905	463.7842095	NA	NA	NA	NA	NA	NA	NA	NA	NA	NA
9094	56	11.452	1.002	0.1446	0.144311377	0.028370556	0.016982324	8.4	658	85.68653082	4.127038641	3.64	0.88198835	9094	4	30/06/2016	9h30	05/05/2016	2.617	0.2575	9.83951089	S09	93.96394808	69.09884912	7.806109677	2.517221762	89.52840208	2.61645534	2.168969317	0.030258427	0.14480582	17.18938151	12.6406617	2.71561399	0.491445465	12.2015808	0.005535353	0.016943417	32.54565719	189.516393	468.483607	NA	NA	NA	NA	NA	NA	NA	NA	NA	NA
9095	56	NA	NA	NA	NA	NA	NA	9.9	759	NA	NA	NA	NA	9095	5	30/06/2016	9h30	05/05/2016	2.562	0.3338	13.02888368	S09	107.5943851	74.20232773	10.93434375	2.24249372	87.31327216	4.461011461	1.460014571	0	0.318927582	14.86465747	10.25139169	2.872714162	0.330636956	8.986732927	0	0.028182102	27.98876333	221.6035216	537.3964784	NA	NA	NA	NA	NA	NA	NA	NA	NA	NA
9101	63	11.836	1.14764	0.1874	0.163291625	0.027690111	0.017008171	11	818	64.36956504	4.406313661	2.91948516	0.66256862	9101	1	07/07/2016	9h30	05/05/2016	2.589	0.3741	14.44959444	S10	207.6576126	167.2300276	36.16041208	2.003917047	50.34600098	6.598921112	2.646313947	0.075926982	0.8742356	25.86811029	20.8320068	8.56612904	0.266410567	4.672379394	0.009458298	0.06965645	55.26624614	480.4746974	337.5253026	2.7	7.8	21.66	19.9	10.63	18.2	9.61	44.37	1.72	84.64750789
9102	63	11.154	0.95952	0.3572	0.372269468	0.028569027	0.017110713	13.7	1042	61.53917587	3.913936243	2.479223679	0.633434866	9102	2	07/07/2016	9h30	05/05/2016	2.572	0.4195	16.31026439	S10	231.0896998	196.1573612	NA	1.742111947	51.07076181	5.922509962	2.449029325	0	0.774587124	25.50304825	21.64791702	NA	0.205183495	4.198944294	0	0.054676131	NA	NA	NA	2.05	6.86	18.53	16.89	10.36	27.15	8.69	37.98	1.6	84.82797895
9103	63	11.844	1.12864	0.182	0.161256025	0.027778881	0.01700491	11.5	838	55.76005666	4.443697357	2.550456779	0.573949253	9103	3	07/07/2016	9h30	05/05/2016	2.479	0.3258	13.14239613	S10	278.1801947	231.4732388	19.88688003	2.174998276	56.42258394	2.844302648	2.079414693	0.109996919	0.813642935	38.09992832	31.70288171	5.179633125	0.317915519	5.757145373	0.015065324	0.071276737	74.98244315	609.6648882	228.3351118	2.54	8.05	21.31	21.46	11.22	17.82	10.2	38.16	1.35	76.63664759
9104	63	11.678	1.13302	0.183	0.161515242	0.027758417	0.017005514	11.5	842	62.8159493	4.293146582	2.775849608	0.646576947	9104	4	07/07/2016	9h30	05/05/2016	2.495	0.3956	15.85571142	S10	179.5544254	156.3387261	17.85189029	1.845278389	57.25631659	3.067402021	1.64006657	0.012094853	0.406208533	20.38369375	17.74816024	3.853943784	0.223564853	4.842464555	0.001373053	0.029495232	41.98579777	420.4029148	421.5970852	2.35	7.61	19.82	18.47	11.75	16.16	10.43	34.17	1.1	NA
9105	63	NA	NA	NA	NA	NA	NA	11.4	826	NA	NA	NA	NA	9105	5	07/07/2016	9h30	05/05/2016	2.702	0.3832	14.18208734	S10	211.5830204	176.788696	35.96996828	1.768316212	41.96754873	3.897854018	1.959698703	0.01225433	0.862672967	26.8542583	22.43813941	8.681740457	0.239522953	3.968279245	0.001555328	0.070031679	57.97413817	494.467497	331.532503	1.9	6.88	18.32	16.8	10.99	13.8	8.78	32.89	1.44	NA
9111	69	12.314	1.205	0.1918	0.159170124	0.02742212	0.017010828	12.9	937	68.5596885	4.771849905	3.367486777	0.705698386	9111	1	13/07/2016	9h30	05/05/2016	2.627	0.3998	15.21888085	S11	276.7906931	224.5433301	32.7524152	1.941395311	40.10677188	5.703020881	2.282530753	0.011793224	2.331063712	32.73718038	26.55766861	7.366607199	0.24505221	3.533977407	0.001394833	0.176343693	66.66145619	629.9591746	307.0408254	NA	NA	NA	NA	NA	NA	NA	NA	NA	NA
9112	69	11.842	1.1378	0.18	0.158200035	0.027736085	0.017003702	14.4	1066	66.02472187	4.455893648	3.02824972	0.679605475	9112	2	13/07/2016	9h30	05/05/2016	2.6	0.5119	19.68846154	S11	259.7281599	228.0565145	31.14411398	1.983697185	22.90231291	6.445140863	2.175917237	0.072985151	1.743579376	23.74541489	20.84986302	5.414658831	0.193549013	1.559898499	0.006672602	0.101957328	50.00993674	646.1447487	419.8552513	NA	NA	NA	NA	NA	NA	NA	NA	NA	NA
9113	69	12.268	1.184	0.1814	0.153209459	0.027520234	0.017004547	15.6	1181	54.81200649	4.738974394	2.673685687	0.564190786	9113	3	13/07/2016	9h30	05/05/2016	2.54	0.2851	11.22440945	S11	288.8364905	242.0629554	20.93087757	2.202793148	48.49010567	8.60509449	2.127600773	0.377223835	3.043094075	46.31920149	38.81837362	6.383088058	0.376996728	5.793198475	0.060493419	0.3121335	91.52066317	621.601411	559.398589	NA	NA	NA	NA	NA	NA	NA	NA	NA	NA
9114	69	13.012	1.4124	0.2252	0.159444916	0.026453126	0.017030998	12.6	907	60.34257393	5.330012273	3.310566597	0.621118006	9114	4	13/07/2016	9h30	05/05/2016	2.487	0.36	14.47527141	S11	195.2741165	155.9495154	18.45960469	1.535175277	33.96186999	5.114476176	1.801734281	0.16409473	0.750003888	24.28233639	19.39232224	4.365184256	0.203731704	3.146253108	0.02040518	0.05965204	48.03984289	432.2530369	474.7469631	NA	NA	NA	NA	NA	NA	NA	NA	NA	NA
9115	69	NA	NA	NA	NA	NA	NA	13.4	984	NA	NA	NA	NA	9115	5	13/07/2016	9h30	05/05/2016	2.61	0.6345	24.31034483	S11	231.4381534	199.6823955	20.25111671	1.628609597	41.58097796	4.248826639	2.006732679	0.007580989	1.334307935	17.13627178	14.78499439	2.851443407	0.128692499	2.29367752	0.000561316	0.063190742	34.77270958	596.345253	387.654747	NA	NA	NA	NA	NA	NA	NA	NA	NA	NA
9121	77	12.272	1.2328	0.277	0.224691759	0.027292235	0.01706228	21.2	1424	47.55443212	4.750407278	2.325263283	0.489487142	9121	1	21/07/2016	9h30	05/05/2016	2.545	0.6182	24.29076621	S12	398.6313661	315.3216247	33.65644372	3.649693186	28.01689944	4.940767968	2.942167926	0.583336106	7.361011248	29.53947409	23.36603628	4.742790156	0.28863069	1.546705519	0.043226508	0.348886988	57.64830052	987.4745749	436.5254251	2.02	7.87	23.2	17.16	14.55	16.05	8.62	44.87	2.5	96.62256863
9122	77	11.942	1.1586	0.2504	0.216122907	0.027638905	0.017046217	19.6	1306	32.88713807	4.502051184	1.524006427	0.338513794	9122	2	21/07/2016	9h30	05/05/2016	2.498	0.5446	21.80144115	S12	403.1388547	316.6618164	59.92311779	3.167405759	29.97981085	8.84549909	2.079994401	0.183716472	8.073023221	33.28449406	26.14466014	9.408407031	0.279091021	1.844049027	0.015168247	0.426323727	68.83756124	997.1076198	308.8923802	2.44	8.15	24.76	18.95	20.52	16.63	8.94	44.81	2.13	93.56305336
9123	77	12.262	1.2152	0.2452	0.201777485	0.027374464	0.017043076	18.3	1218	51.55495693	4.740557128	2.515649326	0.530665333	9123	3	21/07/2016	9h30	05/05/2016	2.473	0.5536	22.38576628	S12	428.1959489	341.5292904	63.3869642	3.275733546	27.94647911	9.11643159	2.443681908	0.169327948	7.933603687	34.43048133	27.46176812	9.692479397	0.281102021	1.674109701	0.013615362	0.408025252	71.58472885	1073.401313	144.5986874	2.39	8.22	24.57	17.98	18.92	16.39	9.22	37.41	1.49	82.58592541
9124	77	12.334	1.2546	0.2968	0.236569425	0.027190383	0.017074238	22.1	1468	48.81337207	4.785627673	2.404517852	0.502445659	9124	4	21/07/2016	9h30	05/05/2016	2.489	0.6021	24.19043793	S12	458.1435416	350.4058878	32.34707884	2.337507757	24.17086177	5.685373502	2.491533985	0.464187283	7.666809935	34.09026233	26.07355021	4.577182571	0.185625098	1.339914793	0.034539975	0.364887908	64.74099511	1109.222221	358.7777788	2.35	7.72	23.53	17.56	16.41	16.9	8.95	37.73	1.75	NA
9125	77	NA	NA	NA	NA	NA	NA	21.2	1360	NA	NA	NA	NA	9125	5	21/07/2016	9h30	05/05/2016	2.46	0.568	23.08943089	S12	427.6304488	351.5097115	64.30468346	3.201635167	25.8559717	3.679848224	2.534641317	0.275886294	8.334590499	33.33710612	27.40290498	9.533146682	0.266370409	1.501676599	0.021507474	0.415584693	70.27315778	1096.656615	263.343385	2.14	8.3	24.65	17.63	19.54	14.56	8.23	36.72	2	NA
9131	84	12.792	1.369	0.288	0.210372535	0.026655895	0.017068923	20.1	1410	43.48803546	5.158715049	2.309200364	0.44763092	9131	1	28/07/2016	9h30	05/05/2016	2.807	0.6129	21.83469897	S13	396.4307393	327.1130721	54.97100075	3.611244705	14.70847256	9.743185054	2.314380019	0.345222692	9.84295873	32.68079545	26.9664139	8.61773894	0.317714528	0.903335637	0.028459327	0.518999525	68.26494829	995.9851774	414.0148226	NA	NA	NA	NA	NA	NA	NA	NA	NA	NA
9132	84	12.198	1.2326	0.2824	0.2291092	0.02729317	0.017065541	21.7	1520	44.51508528	4.691789557	2.149789922	0.458202546	9132	2	28/07/2016	9h30	05/05/2016	2.473	0.6059	24.50060655	S13	459.1740902	372.7868826	83.50417247	NA	15.83968177	6.581534215	2.724917332	0.525787954	10.30124183	33.73440411	27.38774599	11.66643698	NA	0.866958669	0.038628363	0.48406229	72.78858708	1212.546358	307.4536424	NA	NA	NA	NA	NA	NA	NA	NA	NA	NA
9133	84	13.034	1.4414	0.325	0.225475232	0.026317635	0.017091268	22.2	1640	44.40974621	5.364197199	2.452072546	0.45711827	9133	3	28/07/2016	9h30	05/05/2016	2.634	0.6503	24.68868641	S13	475.2041074	382.1839826	69.13755014	4.169579463	21.48117326	6.466873905	3.197472004	0.460401853	11.07782309	34.64612815	27.86422725	9.585679457	0.324430471	1.166779506	0.033566927	0.516588753	72.09603486	1230.260894	409.7391056	NA	NA	NA	NA	NA	NA	NA	NA	NA	NA
9134	84	11.798	1.0962	0.2186	0.199416165	0.027930444	0.017027013	18.8	1348	44.47583251	4.387006061	2.008364837	0.45779851	9134	4	28/07/2016	9h30	05/05/2016	2.587	0.5652	21.84770004	S13	403.4792423	328.3663634	81.54530216	3.327341666	27.23932932	5.718614821	2.117857653	0.147068875	9.627978044	33.24206369	27.05362363	12.7761535	0.292562756	1.671935286	0.012116789	0.507361924	73.07184082	1040.776674	307.2233264	NA	NA	NA	NA	NA	NA	NA	NA	NA	NA
9135	84	NA	NA	NA	NA	NA	NA	20.5	1430	NA	NA	NA	NA	9135	5	28/07/2016	9h30	05/05/2016	2.509	0.5786	23.06098047	S13	399.8964889	313.229393	38.90750915	2.67447204	17.8765623	10.86034413	1.739906239	0.233394524	10.64914626	31.21348986	24.44878301	5.775140567	0.222785878	1.039525187	0.018217358	0.531649645	61.43741343	977.44083	452.55917	NA	NA	NA	NA	NA	NA	NA	NA	NA	NA
9141	91	12.862	1.4194	0.3426	0.241369593	0.026420421	0.017101896	23.5	1620	33.25304041	5.215278168	1.785085926	0.342280099	9141	1	04/08/2016	9h30	05/05/2016	2.542	0.6324	24.87804878	S14	454.5350716	353.1822459	62.10407569	3.061847714	14.84051352	3.936591756	2.164870091	0.148647919	12.87675782	32.8869493	25.55377426	8.544972838	0.236425674	0.799947327	0.010755114	0.595907316	66.9856964	1157.879127	462.1208727	2.16	7.66	22.96	15.41	15.66	15.46	9.31	26.36	1	85.80057575
9142	91	13.01	1.4398	0.3404	0.236421725	0.02632511	0.017100568	20	1338	28.28470422	5.334208813	1.553001741	0.291140035	9142	2	04/08/2016	9h30	05/05/2016	2.501	0.5438	21.74330268	S14	436.1074627	351.7333255	67.0873023	2.314283769	24.5615429	8.095432547	2.010980988	0.107225975	9.876874202	36.10276895	29.11793094	10.56140547	0.204464758	1.514812608	0.008876607	0.522976911	75.78210536	1092.466357	245.5336428	1.95	7.57	21.77	15.46	19.93	14.4	8.94	29.05	2.39	118.0763227
9143	91	12.35	1.2396	0.3126	0.252178122	0.027260465	0.017083779	23.7	1605	27.70299922	4.804997477	1.370156711	0.285152431	9143	3	04/08/2016	9h30	05/05/2016	2.498	0.6346	25.40432346	S14	466.820594	377.6978114	74.96083066	2.665031784	17.53500759	6.401902632	2.455389103	0.355273268	9.136213895	33.07614432	26.76143144	10.10028564	0.201521842	0.925608006	0.025172561	0.414044604	69.9378614	1232.617329	372.3826705	2.12	8.05	23.77	15.99	17.85	15.04	8.91	32.83	3.15	121.1107478
9144	91	13.666	1.6964	0.2892	0.170478661	0.02512625	0.017069648	19.3	1345	35.19413818	5.906841985	2.139813763	0.362260201	9144	4	04/08/2016	9h30	05/05/2016	2.604	0.5235	20.10368664	S14	391.5609228	342.7339476	60.98410735	1.060983482	15.92375512	6.418726658	2.219809831	0.179772168	12.16792558	35.05872697	30.68696388	10.38359795	0.101381866	1.062181081	0.016096048	0.696834017	76.1292888	995.3888287	349.6111713	2.25	7.69	22.26	16.05	16.05	14.52	8.67	30.25	1.66	NA
9145	91	NA	NA	NA	NA	NA	NA	20.6	1445	NA	NA	NA	NA	9145	5	04/08/2016	9h30	05/05/2016	2.507	0.522	20.82169924	S14	380.3197296	311.556024	56.42369414	2.560440841	24.8993064	9.495743939	2.82715307	0.085503874	12.20962987	32.8779849	26.93348111	9.275818597	0.236225046	1.603614071	0.007391662	0.675110456	69.08728461	945.0814687	499.9185313	2.21	8.22	24.92	16.5	26.13	16.46	8.48	28.3	0.87	NA
9151	98	12.62	1.3478	0.3246	0.240836919	0.026754944	0.017091026	22.9	1505	56.68899405	5.031578564	2.935981382	0.583510989	9151	1	11/08/2016	9h30	05/05/2016	2.517	0.6044	24.01271355	S15	468.7826977	391.8938577	49.0466455	NA	13.86524238	5.42610909	2.374219215	0.169097151	13.55710867	35.14008753	29.37647769	6.991574159	NA	0.774310242	0.012675572	0.650001474	71.50813937	1197.204484	307.7955157	NA	NA	NA	NA	NA	NA	NA	NA	NA	NA
9152	98	12.398	1.2218	0.2784	0.227860534	0.027343628	0.017063126	20.5	1470	55.42130816	4.834686784	2.758007258	0.570462448	9152	2	11/08/2016	9h30	05/05/2016	2.511	0.5724	22.79569892	S15	402.8153253	335.9994845	32.74283375	2.183415017	10.24305743	9.46240591	1.628479285	0.114783727	15.9468473	31.80721013	26.53128006	4.916660828	0.183997001	0.60256718	0.009063583	0.80539778	63.25515101	999.371321	470.628679	NA	NA	NA	NA	NA	NA	NA	NA	NA	NA
9153	98	11.426	1.0772	0.24	0.222799851	0.028019214	0.017039936	21.2	1465	51.42340889	4.102808793	2.171662985	0.529311283	9153	3	11/08/2016	9h30	05/05/2016	2.511	0.6485	25.826364	S15	386.1562157	327.452655	77.93769744	2.759438286	14.65502637	7.29335303	2.251131064	0.233880788	17.14919456	26.91362935	22.82221295	10.3297831	0.205250764	0.760942979	0.016300607	0.764484993	60.0656254	1067.153521	397.8464791	NA	NA	NA	NA	NA	NA	NA	NA	NA	NA
9154	98	12.712	1.3568	0.2844	0.209610849	0.026712895	0.017066749	22.2	1535	69.7726456	5.084418896	3.651546229	0.718183593	9154	4	11/08/2016	9h30	05/05/2016	2.59	0.5937	22.92277992	S15	415.9334808	360.6175818	60.21934947	2.251779037	10.81637557	7.698048381	2.12603834	0.139393701	15.16700758	32.66097166	28.31731795	8.992401181	0.188706062	0.632766169	0.010945822	0.761765191	69.97069079	1085.626092	449.3739081	NA	NA	NA	NA	NA	NA	NA	NA	NA	NA
9161	105	11.824	1.1606	0.2808	0.241943822	0.027629561	0.017064575	22.3	1541	44.42439971	4.401057148	2.012467449	0.457269102	9161	1	18/08/2016	9h30	05/05/2016	2.498	0.6136	24.56365092	S16	414.1720268	340.2850827	51.56632196	NA	21.73959896	6.186509564	2.812786912	0.286671365	21.79320818	30.35011573	24.93575368	7.185882939	NA	1.186826922	0.021006994	1.021449159	62.47175235	1068.481496	472.5185036	1.92	6.9	20.82	13.6	14.66	15.97	8.77	22.8	1.66	94.35679701
9162	105	13.074	1.4718	0.3126	0.212392988	0.026175603	0.017083779	21.6	1495	42.06226949	5.395172046	2.335867954	0.43295523	9162	2	18/08/2016	9h30	05/05/2016	2.571	0.6276	24.41073512	S16	381.555109	312.4118903	44.00765674	1.961361816	9.526758928	11.19004866	1.87016932	0.059150379	15.49228482	28.1351296	23.0366435	6.170982081	0.154349143	0.523351045	0.004361634	0.7306731	57.34275518	976.2955854	518.7044146	1.91	7.24	22.16	14.15	18.22	13.85	8.89	21.78	2.44	137.5348229
9163	105	13.292	1.508	0.3564	0.236339523	0.026006473	0.01711023	22.6	1505	42.1791462	5.565365315	2.416249349	0.434158265	9163	3	18/08/2016	9h30	05/05/2016	2.65	0.6478	24.44528302	S16	389.4972043	338.1409463	78.09147919	4.243676398	16.93525112	9.59049812	2.513089414	0.536072674	14.97718569	28.68017389	24.89861553	10.93491669	0.333483656	0.92902061	0.039473088	0.705380824	64.5137061	1066.418699	438.5813011	2.38	9.17	27.32	18.08	21.79	16.92	9.12	35.46	4.06	NA
9164	105	13.204	1.468	0.3426	0.233378747	0.026193357	0.017101896	22.6	1535	36.92272904	5.492688967	2.08751252	0.380052927	9164	4	18/08/2016	9h30	05/05/2016	2.476	0.6084	24.57189015	S16	414.5021462	353.8978092	50.42402137	2.434054991	8.161039869	9.67552989	1.847068047	0.209118133	22.42854655	30.36412171	25.92458507	7.024344651	0.190291411	0.445385129	0.015318831	1.050875024	63.31305143	1085.568733	449.4312665	1.97	7.5	22.24	15.72	18.22	13.02	8	23.63	1.66	NA
9165	105	NA	NA	NA	NA	NA	NA	22.6	1535	NA	NA	NA	NA	9165	5	18/08/2016	9h30	05/05/2016	2.527	0.6201	24.53897903	S16	455.0419483	371.9106238	75.8858897	NA	11.18301133	5.31168568	2.341525788	0.276171498	17.32287153	33.37854871	27.28064285	10.58550155	NA	0.611126411	0.020257921	0.812740496	71.24469311	1196.430223	338.5697766	NA	NA	NA	NA	NA	NA	NA	NA	NA	NA
